   3.1832925e+02  -7.9556637e+01   5.1932766e+01   1.0845701e+02  -6.8727673e+00  -8.7813263e+01   9.1166131e+01  -2.6603149e+01   8.6679366e+01  -1.1569519e+01   2.5119103e+01   9.0598659e+01   4.9004793e+01   9.5419842e+01   1.1404279e+02
  -7.9556637e+01   4.8629356e+01  -1.3777356e+01  -4.1350149e+01   8.9400156e-01   1.1616131e+01  -4.1759230e+00  -1.2986258e+01  -5.4764117e+00  -2.3367621e+00  -3.1639159e+01  -9.7254663e+00  -4.0267943e+01  -5.4141988e+01  -1.2994004e+01
   5.1932766e+01  -1.3777356e+01   2.4961291e+01   3.6110848e+01   4.7601417e+00  -1.6199713e+01   1.8118269e+01  -1.5928099e+01   1.2355502e+01   2.1149097e+00  -1.4217826e+01   6.3168795e+00  -3.4174215e+00  -1.0874299e+01   1.1572311e+01
   1.0845701e+02  -4.1350149e+01   3.6110848e+01   1.6193488e+02  -1.3073914e+01   1.0462131e+01   1.6260660e+01   3.9224035e+01   1.7751772e+01   6.6919790e-01   4.6571636e+01   3.0175027e+01   2.4581538e+01   5.1300486e+01   5.9816340e+01
  -6.8727673e+00   8.9400156e-01   4.7601417e+00  -1.3073914e+01   3.1572423e+01  -1.7948295e+01  -5.4923417e+00  -3.2557211e+01  -9.5170953e+00   1.2860667e+01  -3.3634923e+01  -2.5183251e+01   6.9553317e+00  -3.1369974e+01  -3.5705209e+01
  -8.7813263e+01   1.1616131e+01  -1.6199713e+01   1.0462131e+01  -1.7948295e+01   2.4009274e+02  -4.2750069e+01   2.4507590e+02  -8.3549586e+00   2.2451430e+01   2.0947770e+02   2.4108871e+01   4.4922413e+01   1.1412162e+02   5.5660764e+01
   9.1166131e+01  -4.1759230e+00   1.8118269e+01   1.6260660e+01  -5.4923417e+00  -4.2750069e+01   1.4559552e+02  -2.6580430e+01   1.2441921e+02  -2.0240573e+00  -2.4359316e+01   1.2757783e+02  -5.0172194e+00  -1.7497033e+01   1.3804193e+02
  -2.6603149e+01  -1.2986258e+01  -1.5928099e+01   3.9224035e+01  -3.2557211e+01   2.4507590e+02  -2.6580430e+01   3.2831803e+02   2.9529943e+01   3.1062178e+01   3.1640281e+02   8.2091304e+01   1.1156565e+02   2.4778657e+02   1.3664690e+02
   8.6679366e+01  -5.4764117e+00   1.2355502e+01   1.7751772e+01  -9.5170953e+00  -8.3549586e+00   1.2441921e+02   2.9529943e+01   1.4072909e+02   6.4144526e-01   3.4501098e+01   1.4840680e+02   1.7041624e+01   3.6813333e+01   1.6726051e+02
  -1.1569519e+01  -2.3367621e+00   2.1149097e+00   6.6919790e-01   1.2860667e+01   2.2451430e+01  -2.0240573e+00   3.1062178e+01   6.4144526e-01   2.4833057e+01   3.0201848e+01  -3.0585180e+00   4.3911550e+01   2.5668480e+01  -8.6234694e-01
   2.5119103e+01  -3.1639159e+01  -1.4217826e+01   4.6571636e+01  -3.3634923e+01   2.0947770e+02  -2.4359316e+01   3.1640281e+02   3.4501098e+01   3.0201848e+01   3.3663350e+02   8.6409546e+01   1.4512578e+02   3.1225238e+02   1.4623343e+02
   9.0598659e+01  -9.7254663e+00   6.3168795e+00   3.0175027e+01  -2.5183251e+01   2.4108871e+01   1.2757783e+02   8.2091304e+01   1.4840680e+02  -3.0585180e+00   8.6409546e+01   1.8475629e+02   2.7607372e+01   8.7520103e+01   2.1708229e+02
   4.9004793e+01  -4.0267943e+01  -3.4174215e+00   2.4581538e+01   6.9553317e+00   4.4922413e+01  -5.0172194e+00   1.1156565e+02   1.7041624e+01   4.3911550e+01   1.4512578e+02   2.7607372e+01   1.7552914e+02   1.7938009e+02   3.0577883e+01
   9.5419842e+01  -5.4141988e+01  -1.0874299e+01   5.1300486e+01  -3.1369974e+01   1.1412162e+02  -1.7497033e+01   2.4778657e+02   3.6813333e+01   2.5668480e+01   3.1225238e+02   8.7520103e+01   1.7938009e+02   3.9225718e+02   1.4318366e+02
   1.1404279e+02  -1.2994004e+01   1.1572311e+01   5.9816340e+01  -3.5705209e+01   5.5660764e+01   1.3804193e+02   1.3664690e+02   1.6726051e+02  -8.6234694e-01   1.4623343e+02   2.1708229e+02   3.0577883e+01   1.4318366e+02   3.1292178e+02
